000004
129.61
000001
000001
151.12
000002
000006
162.44
000003
000004
158.71
000004
000006
144.21
000005
000004
195.30
000006
000003
193.13
000007
000005
145.75
000008
000004
149.51
000009
000005
104.98
000010
000004
103.51
000011
000002
132.32
000012
000001
100.18
000013
000006
172.81
000014
000002
142.11
000015
000003
189.13
000016
000001
111.67
000017
000006
148.25
000018
000002
191.25
000019
000004
159.16
000020
000001
156.90
000021
000001
157.87
000022
000004
178.11
000023
000005
181.13
000024
000001
141.10
000025
000004
188.85
000026
000003
138.01
000027
000004
162.41
000028
000001
117.17
000029
000001
103.89
000030
000003
150.45
000031
000005
122.68
000032
000002
176.84
000033
000001
165.21
000034
000006
127.28
000035
000006
191.42
000036
000004
135.94
000037
000001
100.32
000038
000001
194.50
000039
000003
158.23
000040
000003
122.13
000041
000004
117.86
000042
000006
160.41
000043
000003
196.80
000044
000004
114.86
000045
000003
116.84
000046
000001
102.43
000047
000001
198.41
000048
000001
149.81
000049
000001
196.71
000050
000005
111.36
000051
000002
118.72
000052
000004
166.75
000053
000003
112.54
000054
000003
121.52
000055
000006
193.71
000056
000004
107.20
000057
000003
122.20
000058
000002
189.37
000059
000002
191.52
000060
000004
107.90
000061
000001
157.36
000062
000001
170.32
000063
000003
132.31
000064
000002
151.56
000065
000001
188.69
000066
000005
197.37
000067
000004
189.69
000068
000004
103.23
000069
000002
161.29
000070
000002
195.31
000071
000003
148.81
000072
000002
114.67
000073
000003
152.58
000074
000001
113.84
000075
000002
133.14
000076
000003
101.51
000077
000003
172.98
000078
000003
102.61
000079
000004
132.44
000080
000003
165.75
000081
000004
191.18
000082
000002
167.38
000083
000004
171.57
000084
000004
100.42
000085
000001
124.82
000086
000001
140.81
000087
000003
185.27
000088
000003
118.51
000089
000006
191.33
000090
000003
177.91
000091
000004
177.90
000092
000002
159.16
000093
000002
129.68
000094
000001
111.13
000095
000002
183.41
000096
000003
112.35
000097
000003
192.11
000098
000004
146.59
000099
000004
135.35
000100
000003
149.65
000101
000001
141.80
000102
000001
148.51
000103
000004
110.90
000104
000004
163.68
000105
000004
138.34
000106
000005
166.19
000107
000005
114.65
000108
000003
169.73
000109
000003
142.57
000110
000003
177.63
000111
000003
196.94
000112
000003
150.11
000113
000004
176.65
000114
000004
169.96
000115
000004
140.55
000116
000005
116.93
000117
000002
136.15
000118
000001
150.27
000119
000006
166.91
000120
000002
197.01
000121
000002
105.21
000122
000003
105.29
000123
000004
119.51
000124
000002
163.49
000125
000002
133.21
000126
000002
126.82
000127
000003
174.80
000128
000004
165.30
000129
000002
188.59
000130
000003
165.62
000131
000004
180.23
000132
000002
183.97
000133
000004
167.24
000134
000001
131.42
000135
000004
106.11
000136
000005
158.11
000137
000002
161.17
000138
000004
152.36
000139
000003
126.54
000140
000002
133.51
000141
000002
196.11
000142
000003
123.85
000143
000004
140.24
000144
000002
105.15
000145
000002
110.18
000146
000004
190.90
000147
000001
126.63
000148
000006
174.42
000149
000002
145.01
000150
000001
143.44
000151
000003
120.78
000152
000002
183.95
000153
000003
194.24
000154
000002
115.85
000155
000004
180.79
000156
000003
103.21
000157
000004
115.78
000158
000004
137.91
000159
000002
185.25
000160
000001
190.75
000161
000003
139.97
000162
000001
172.21
000163
000003
129.61
000164
000001
109.63
000165
000001
172.39
000166
000005
161.93
000167
000006
140.26
000168
000004
173.21
000169
000001
134.14
000170
000003
153.98
000171
000002
120.40
000172
000005
196.16
000173
000003
164.98
000174
000005
124.50
000175
000005
179.70
000176
000002
177.53
000177
000002
193.21
000178
000001
105.50
000179
000003
118.47
000180
000005
124.78
000181
000004
157.72
000182
000003
126.69
000183
000004
192.90
000184
000001
176.41
000185
000001
180.50
000186
000003
115.48
000187
000004
140.98
000188
000001
156.62
000189
000005
169.56
000190
000002
179.65
000191
000005
103.88
000192
000004
193.20
000193
000003
198.17
000194
000004
158.60
000195
000004
159.19
000196
000002
127.44
000197
000005
152.39
000198
000004
144.55
000199
000003
142.17
000200
000002
126.97
000201
000003
191.76
000202
000002
147.01
000203
000005
179.10
000204
000003
165.70
000205
000006
158.41
000206
000006
105.80
000207
000001
140.18
000208
000001
125.38
000209
000006
119.31
000210
000003
135.12
000211
000002
112.37
000212
000001
123.50
000213
000003
162.50
000214
000004
169.11
000215
000004
181.96
000216
000005
106.77
000217
000003
188.35
000218
000003
146.77
000219
000004
184.71
000220
000004
117.32
000221
000005
163.10
000222
000002
159.61
000223
000003
188.71
000224
000004
184.53
000225
000002
167.77
000226
000001
146.24
000227
000004
150.63
000228
000001
165.59
000229
000001
168.81
000230
000001
139.77
000231
000002
194.70
000232
000002
161.89
000233
000001
107.65
000234
000001
182.01
000235
000003
113.79
000236
000001
185.36
000237
000002
118.62
000238
000002
105.93
000239
000002
136.17
000240
000005
111.68
000241
000003
147.50
000242
000003
131.51
000243
000001
167.35
000244
000004
183.77
000245
000005
139.65
000246
000006
196.64
000247
000004
181.46
000248
000006
133.67
000249
000003
176.18
000250
000002
162.41
000251
000003
103.96
000252
000002
146.01
000253
000006
104.71
000254
000001
146.18
000255
000006
156.54
000256
000004
176.44
000257
000002
186.89
000258
000003
191.78
000259
000002
155.26
000260
000004
133.85
000261
000004
150.10
000262
000002
159.81
000263
000002
162.56
000264
000004
155.31
000265
000002
137.50
000266
000002
171.67
000267
000004
179.25
000268
000003
100.37
000269
000004
188.37
000270
000006
174.85
000271
000001
165.12
000272
000006
108.79
000273
000006
101.31
000274
000002
177.59
000275
000002
177.56
000276
000004
131.84
000277
000001
183.14
000278
000004
185.42
000279
000001
126.40
000280
000004
161.14
000281
000002
189.49
000282
000004
143.84
000283
000002
131.95
000284
000002
144.24
000285
000003
117.01
000286
000004
183.58
000287
000005
194.37
000288
000002
115.15
000289
000004
146.33
000290
000005
186.26
000291
000002
189.39
000292
000001
101.91
000293
000002
144.17
000294
000003
180.14
000295
000004
169.69
000296
000006
155.24
000297
000004
185.21
000298
000004
117.70
000299
000002
126.46
000300
000001
142.01
000301
000003
104.60
000302
000004
107.35
000303
000005
132.31
000304
000004
146.27
000305
000006
198.87
000306
000004
114.38
000307
000001
177.87
000308
000003
108.61
000309
000001
157.35
000310
000001
100.42
000311
000004
175.88
000312
000002
192.96
000313
000005
142.19
000314
000003
125.19
000315
000004
100.37
000316
000003
149.60
000317
000006
159.71
000318
000004
125.26
000319
000002
186.14
000320
000001
132.34
000321
000001
124.88
000322
000003
111.56
000323
000006
136.44
000324
000004
108.98
000325
000006
176.37
000326
000006
194.19
000327
000001
185.71
000328
000002
130.66
000329
000001
104.33
000330
000005
157.68
000331
000001
166.37
000332
000002
136.89
000333
000003
123.39
000334
000003
185.39
000335
000002
198.29
000336
000001
175.97
000337
000004
190.54
000338
000006
100.01
000339
000005
163.78
000340
000004
183.50
000341
000005
171.91
000342
000001
150.30
000343
000006
113.31
000344
000003
188.33
000345
000002
124.14
000346
000004
164.36
000347
000003
121.60
000348
000004
162.91
000349
000001
147.84
000350
000004
100.30
000351
000001
185.74
000352
000001
117.37
000353
000001
146.97
000354
000001
196.16
000355
000006
194.11
000356
000004
190.96
000357
000002
139.55
000358
000001
174.38
000359
000003
145.77
000360
000006
163.52
000361
000004
102.72
000362
000003
137.44
000363
000001
164.21
000364
000003
145.53
000365
000002
166.21
000366
000001
155.60
000367
000002
148.82
000368
000003
152.36
000369
000004
148.58
000370
000006
184.80
000371
000002
150.54
000372
000004
196.56
000373
000006
183.86
000374
000004
171.54
000375
000002
183.18
000376
000004
172.76
000377
000001
130.95
000378
000002
119.49
000379
000003
100.17
000380
000004
194.31
000381
000001
123.93
000382
000003
198.11
000383
000002
189.18
000384
000003
123.70
000385
000002
173.52
000386
000003
109.71
000387
000003
136.10
000388
000004
133.52
000389
000004
113.50
000390
000003
168.36
000391
000001
185.23
000392
000001
148.11
000393
000005
100.49
000394
000001
106.57
000395
000001
166.83
000396
000005
124.10
000397
000004
190.31
000398
000001
131.14
000399
000003
198.35
000400
000003
157.91
000401
000003
154.57
000402
000005
110.01
000403
000002
142.52
000404
000001
127.81
000405
000001
126.41
000406
000002
130.82
000407
000003
136.25
000408
000002
148.15
000409
000004
116.21
000410
000003
163.55
000411
000002
154.25
000412
000004
141.72
000413
000003
133.65
000414
000001
188.36
000415
000001
158.91
000416
000006
192.60
000417
000001
114.61
000418
000002
176.31
000419
000002
100.61
000420
000004
157.60
000421
000002
100.59
000422
000002
121.48
000423
000002
118.76
000424
000001
132.71
000425
000005
183.19
000426
000002
141.18
000427
000005
136.17
000428
000002
109.49
000429
000002
183.51
000430
000004
118.74
000431
000003
110.91
000432
000003
132.79
000433
000006
128.32
000434
000003
146.01
000435
000003
136.84
000436
000003
185.82
000437
000003
163.45
000438
000006
158.62
000439
000004
116.40
000440
000003
145.23
000441
000001
180.87
000442
000003
113.31
000443
000001
186.36
000444
000004
182.83
000445
000004
139.65
000446
000001
148.15
000447
000003
143.44
000448
000005
106.12
000449
000004
165.81
000450
000001
123.31
000451
000003
196.11
000452
000002
117.40
000453
000004
192.65
000454
000006
113.57
000455
000002
118.36
000456
000002
170.87
000457
000003
113.18
000458
000003
194.94
000459
000004
129.15
000460
000003
128.62
000461
000002
187.61
000462
000005
160.98
000463
000006
142.49
000464
000002
145.19
000465
000001
179.40
000466
000004
139.11
000467
000001
149.27
000468
000004
130.65
000469
000002
166.71
000470
000003
104.91
000471
000003
157.97
000472
000005
189.19
000473
000002
168.68
000474
000004
196.42
000475
000001
156.26
000476
000003
104.71
000477
000001
150.63
000478
000002
134.45
000479
000003
154.48
000480
000003
167.24
000481
000002
166.64
000482
000005
135.95
000483
000003
159.82
000484
000003
136.32
000485
000006
163.12
000486
000006
135.90
000487
000005
139.75
000488
000003
107.62
000489
000004
129.38
000490
000001
162.37
000491
000005
186.74
000492
000001
137.93
000493
000003
145.93
000494
000005
119.91
000495
000003
124.44
000496
000002
181.43
000497
000004
177.85
000498
000003
189.87
000499
000002
164.31
000500
000005
111.84
000501
000002
112.20
000502
000004
122.20
000503
000003
118.63
000504
000004
196.53
000505
000003
103.41
000506
000004
131.86
000507
000002
191.18
000508
000003
148.87
000509
000006
183.66
000510
000006
164.81
000511
000001
141.21
000512
000005
196.38
000513
000002
193.26
000514
000003
154.60
000515
000002
196.90
000516
000002
159.17
000517
000003
180.44
000518
000005
178.45
000519
000003
159.64
000520
000003
189.21
000521
000002
103.13
000522
000001
187.32
000523
000003
157.31
000524
000001
183.22
000525
000001
170.21
000526
000001
174.79
000527
000005
153.53
000528
000001
154.60
000529
000004
155.18
000530
000004
157.13
000531
000001
114.63
000532
000003
138.85
000533
000001
118.70
000534
000001
173.71
000535
000006
138.76
000536
000002
198.23
000537
000004
144.91
000538
000003
137.59
000539
000003
120.23
000540
000001
187.90
000541
000004
149.80
000542
000005
132.25
000543
000006
101.86
000544
000004
161.51
000545
000002
166.01
000546
000002
193.86
000547
000004
186.90
000548
000002
131.70
000549
000004
145.71
000550
000001
155.40
000551
000003
143.27
000552
000001
192.68
000553
000004
101.39
000554
000003
175.81
000555
000003
137.85
000556
000002
186.67
000557
000006
144.85
000558
000002
145.18
000559
000005
115.68
000560
000003
148.61
000561
000005
131.59
000562
000004
192.40
000563
000005
177.63
000564
000005
171.65
000565
000001
189.58
000566
000006
157.61
000567
000004
107.16
000568
000001
183.14
000569
000003
166.74
000570
000003
170.42
000571
000001
126.13
000572
000002
118.64
000573
000005
155.88
000574
000003
149.45
000575
000003
123.50
000576
000005
127.80
000577
000002
188.82
000578
000004
175.22
000579
000005
188.58
000580
000001
107.29
000581
000001
162.56
000582
000005
145.87
000583
000004
137.20
000584
000003
183.57
000585
000001
179.17
000586
000004
145.01
000587
000006
145.52
000588
000004
156.15
000589
000003
138.60
000590
000006
146.26
000591
000003
137.01
000592
000006
180.24
000593
000001
161.48
000594
000002
182.93
000595
000001
103.39
000596
000001
138.53
000597
000001
198.77
000598
000003
170.40
000599
000001
181.92
000600
000003
167.57
000601
000006
161.26
000602
000002
180.19
000603
000006
136.91
000604
000004
194.61
000605
000006
146.61
000606
000004
100.21
000607
000006
140.16
000608
000005
137.45
000609
000004
110.25
000610
000006
198.42
000611
000003
183.83
000612
000005
175.94
000613
000006
123.29
000614
000001
158.91
000615
000006
186.33
000616
000001
104.85
000617
000002
104.21
000618
000003
102.49
000619
000004
113.96
000620
000001
124.72
000621
000005
158.21
000622
000003
157.37
000623
000001
155.84
000624
000002
192.43
000625
000003
108.18
000626
000006
137.47
000627
000004
168.72
000628
000001
179.26
000629
000005
188.81
000630
000005
189.80
000631
000002
103.58
000632
000003
194.24
000633
000006
177.81
000634
000003
101.14
000635
000002
119.81
000636
000002
168.64
000637
000004
159.90
000638
000002
135.11
000639
000005
117.97
000640
000004
109.51
000641
000003
111.17
000642
000006
133.45
000643
000001
133.11
000644
000003
119.52
000645
000003
128.32
000646
000003
133.77
000647
000003
172.22
000648
000001
177.80
000649
000001
190.88
000650
000003
134.85
000651
000003
111.21
000652
000001
107.48
000653
000001
116.92
000654
000003
127.82
000655
000005
117.23
000656
000004
161.94
000657
000003
148.93
000658
000003
189.34
000659
000003
146.62
000660
000003
112.40
000661
000001
197.65
000662
000002
171.29
000663
000002
160.56
000664
000006
148.36
000665
000003
166.81
000666
000006
155.62
000667
000006
128.19
000668
000004
165.82
000669
000004
106.47
000670
000001
183.44
000671
000002
163.44
000672
000003
165.89
000673
000002
115.98
000674
000006
131.80
000675
000001
176.39
000676
000003
190.20
000677
000005
119.74
000678
000006
159.37
000679
000003
181.56
000680
000005
139.17
000681
000001
174.37
000682
000003
131.40
000683
000003
185.01
000684
000005
190.56
000685
000002
130.10
000686
000005
198.94
000687
000004
103.35
000688
000004
144.91
000689
000003
188.12
000690
000003
119.75
000691
000003
113.83
000692
000002
128.95
000693
000002
116.78
000694
000006
193.17
000695
000001
163.81
000696
000006
109.51
000697
000005
170.59
000698
000006
187.92
000699
000003
148.38
000700
000005
185.67
000701
000002
188.63
000702
000004
186.42
000703
000002
166.18
000704
000004
186.86
000705
000002
129.94
000706
000006
168.83
000707
000003
133.93
000708
000005
118.24
000709
000004
153.29
000710
000002
112.41
000711
000004
101.31
000712
000004
102.61
000713
000004
103.12
000714
000003
135.22
000715
000004
133.46
000716
000001
142.44
000717
000001
140.28
000718
000005
156.40
000719
000002
171.49
000720
000001
137.87
000721
000002
123.79
000722
000001
117.43
000723
000001
173.78
000724
000006
103.15
000725
000001
162.91
000726
000004
101.33
000727
000003
152.72
000728
000003
114.95
000729
000003
123.57
000730
000004
130.47
000731
000005
187.39
000732
000002
125.54
000733
000004
123.40
000734
000004
167.57
000735
000004
150.89
000736
000003
183.21
000737
000002
101.80
000738
000001
114.59
000739
000004
152.28
000740
000002
142.92
000741
000003
185.46
000742
000001
131.56
000743
000005
129.27
000744
000004
130.48
000745
000001
157.50
000746
000001
113.43
000747
000003
197.37
000748
000006
151.51
000749
000005
158.32
000750
000005
103.76
000751
000005
135.71
000752
000006
167.24
000753
000003
101.35
000754
000005
152.46
000755
000003
107.65
000756
000004
148.64
000757
000002
184.94
000758
000003
100.45
000759
000004
122.26
000760
000001
160.14
000761
000003
187.79
000762
000003
184.22
000763
000002
176.95
000764
000004
127.25
000765
000005
110.84
000766
000001
112.43
000767
000002
165.58
000768
000001
101.74
000769
000005
109.62
000770
000004
117.70
000771
000003
168.21
000772
000002
158.80
000773
000001
187.89
000774
000003
108.33
000775
000001
121.20
000776
000002
153.84
000777
000002
191.69
000778
000001
153.73
000779
000002
182.34
000780
000003
182.81
000781
000003
140.85
000782
000001
165.30
000783
000004
158.21
000784
000004
106.77
000785
000001
133.56
000786
000005
183.33
000787
000002
150.79
000788
000005
170.77
000789
000005
188.66
000790
000002
147.33
000791
000003
178.44
000792
000003
118.24
000793
000004
100.16
000794
000001
128.31
000795
000005
107.18
000796
000005
152.91
000797
000004
109.60
000798
000002
188.52
000799
000002
197.11
000800
000001
149.93
000801
000003
173.93
000802
000004
124.60
000803
000006
192.17
000804
000005
108.18
000805
000004
187.11
000806
000002
108.95
000807
000005
155.55
000808
000005
101.73
000809
000002
101.92
000810
000002
183.16
000811
000001
103.21
000812
000004
166.10
000813
000006
178.31
000814
000001
109.31
000815
000003
180.40
000816
000001
111.35
000817
000001
110.80
000818
000002
180.30
000819
000004
196.36
000820
000004
166.24
000821
000001
189.61
000822
000005
102.51
000823
000004
118.89
000824
000003
186.83
000825
000001
164.81
000826
000002
155.95
000827
000005
185.35
000828
000001
179.90
000829
000006
152.80
000830
000004
176.45
000831
000004
198.45
000832
000002
149.92
000833
000005
193.81
000834
000001
123.41
000835
000002
127.98
000836
000001
177.86
000837
000002
134.94
000838
000002
115.89
000839
000003
121.63
000840
000001
153.66
000841
000006
119.86
000842
000002
125.14
000843
000003
155.86
000844
000002
111.17
000845
000002
126.43
000846
000004
197.51
000847
000004
162.18
000848
000004
188.38
000849
000003
154.54
000850
000002
186.11
000851
000003
115.17
000852
000002
146.90
000853
000002
193.41
000854
000003
165.17
000855
000005
132.87
000856
000003
152.31
000857
000002
147.61
000858
000005
132.57
000859
000005
116.75
000860
000004
130.53
000861
000003
176.51
000862
000004
139.42
000863
000001
156.63
000864
000002
111.67
000865
000003
109.84
000866
000006
101.73
000867
000002
104.86
000868
000002
128.71
000869
000001
189.65
000870
000003
196.55
000871
000005
143.38
000872
000006
133.38
000873
000001
132.27
000874
000006
162.73
000875
000003
105.30
000876
000005
140.36
000877
000004
145.31
000878
000004
161.81
000879
000001
158.40
000880
000002
178.21
000881
000002
194.61
000882
000002
187.25
000883
000004
113.80
000884
000006
166.95
000885
000004
194.21
000886
000002
171.21
000887
000002
133.33
000888
000001
197.46
000889
000002
116.01
000890
000002
181.26
000891
000002
111.91
000892
000003
116.50
000893
000002
182.85
000894
000001
105.87
000895
000004
170.98
000896
000003
139.42
000897
000006
189.25
000898
000001
146.35
000899
000004
145.69
000900
000005
158.75
000901
000006
140.31
000902
000002
103.45
000903
000002
114.64
000904
000001
106.89
000905
000004
124.01
000906
000006
135.19
000907
000001
115.97
000908
000003
147.35
000909
000001
173.21
000910
000002
106.26
000911
000003
118.48
000912
000004
179.77
000913
000004
167.46
000914
000003
122.15
000915
000006
104.51
000916
000001
103.18
000917
000003
109.90
000918
000002
189.67
000919
000001
115.37
000920
000001
108.33
000921
000003
189.95
000922
000004
194.37
000923
000002
116.71
000924
000002
114.91
000925
000002
120.11
000926
000002
181.41
000927
000005
168.81
000928
000004
156.41
000929
000003
142.78
000930
000004
155.77
000931
000001
157.30
000932
000004
171.98
000933
000004
141.98
000934
000004
183.75
000935
000001
168.70
000936
000005
120.68
000937
000004
144.61
000938
000002
168.70
000939
000006
182.29
000940
000003
188.21
000941
000003
123.75
000942
000001
128.23
000943
000003
106.85
000944
000006
177.33
000945
000005
138.90
000946
000001
105.42
000947
000004
112.49
000948
000003
145.66
000949
000005
120.14
000950
000001
159.27
000951
000006
126.91
000952
000005
131.82
000953
000005
120.42
000954
000003
164.45
000955
000003
176.80
000956
000003
162.63
000957
000002
197.01
000958
000002
196.41
000959
000004
139.39
000960
000001
156.80
000961
000002
153.65
000962
000003
175.47
000963
000003
138.24
000964
000006
192.78
000965
000003
177.47
000966
000001
129.11
000967
000003
171.61
000968
000002
160.30
000969
000004
102.15
000970
000001
115.44
000971
000003
116.50
000972
000005
191.69
000973
000004
103.46
000974
000005
173.41
000975
000003
152.75
000976
000004
116.64
000977
000001
152.71
000978
000001
187.01
000979
000003
197.37
000980
000004
107.56
000981
000004
164.32
000982
000005
144.39
000983
000004
175.58
000984
000005
135.74
000985
000004
101.76
000986
000003
147.36
000987
000001
111.21
000988
000002
185.69
000989
000001
109.71
000990
000005
153.52
000991
000004
195.22
000992
000003
178.89
000993
000004
146.45
000994
000001
175.30
000995
000004
121.74
000996
000001
189.01
000997
000001
157.51
000998
000004
146.16
000999
000004
135.52
001000
000002
130.61
001001
000004
182.28
001002
000006
128.85
001003
000002
126.72
001004
000001
192.78
001005
000004
164.71
001006
000002
106.61
001007
000006
121.37
001008
000002
185.21
001009
000001
109.92
001010
000005
126.88
001011
000004
104.75
001012
000003
177.26
001013
000006
125.36
001014
000003
113.81
001015
000005
164.86
001016
000003
114.41
001017
000004
100.60
001018
000004
144.74
001019
000003
126.12
001020
000006
144.95
001021
000006
104.52
001022
000003
130.10
001023
000004
155.96
001024
000002
115.56
001025
000003
172.11
001026
000001
131.41
001027
000004
134.31
001028
000004
133.63
001029
000003
125.12
001030
000001
146.76
001031
000003
162.37
001032
000006
166.51
001033
000004
193.68
001034
000001
160.12
001035
000001
147.25
001036
000002
195.45
001037
000002
170.98
001038
000001
114.76
001039
000006
115.17
001040
000001
133.71
001041
000003
163.70
001042
000003
194.19
001043
000005
142.88
001044
000004
179.71
001045
000004
167.28
001046
000004
150.51
001047
000004
136.52
001048
000002
102.79
001049
000002
102.85
001050
000001
113.57
001051
000001
145.46
001052
000003
110.41
001053
000006
162.83
001054
000004
180.45
001055
000004
157.56
001056
000006
132.96
001057
000004
119.51
001058
000004
144.50
001059
000004
193.79
001060
000004
177.22
001061
000001
104.26
001062
000001
165.46
001063
000006
108.11
001064
000001
163.44
001065
000001
127.11
001066
000001
184.51
001067
000004
179.16
001068
000001
161.76
001069
000002
196.70
001070
000003
131.41
001071
000002
190.48
001072
000004
108.76
001073
000004
146.12
001074
000003
106.54
001075
000004
186.81
001076
000006
170.11
001077
000003
188.96
001078
000004
181.55
001079
000006
161.29
001080
000003
120.86
001081
000002
108.11
001082
000003
103.15
001083
000006
164.11
001084
000003
161.50
001085
000003
107.54
001086
000005
178.83
001087
000003
193.21
001088
000002
125.47
001089
000002
152.86
001090
000004
181.23
001091
000001
110.92
001092
000002
160.65
001093
000006
158.74
001094
000006
110.82
001095
000001
180.71
001096
000002
137.94
001097
000003
163.78
001098
000004
138.97
001099
000003
160.71
001100
000002
115.91
001101
000001
147.84
001102
000001
186.15
001103
000001
112.39
001104
000002
121.31
001105
000002
120.90
001106
000002
174.60
001107
000004
198.29
001108
000001
153.30
001109
000002
192.18
001110
000001
136.65
001111
000002
135.71
001112
000002
151.26
001113
000005
129.75
001114
000003
112.23
001115
000003
137.33
001116
000002
106.21
001117
000004
137.40
001118
000001
181.50
001119
000004
167.36
001120
000004
194.88
001121
000004
169.26
001122
000001
141.01
001123
000001
137.54
001124
000002
136.91
001125
000001
185.34
001126
000004
126.24
001127
000001
148.61
001128
000002
109.61
001129
000004
177.01
001130
000004
103.12
001131
000001
163.26
001132
000003
188.74
001133
000003
107.34
001134
000005
185.86
001135
000006
124.75
001136
000006
136.58
001137
000001
146.47
001138
000001
182.95
001139
000003
183.88
001140
000003
124.83
001141
000006
198.83
001142
000003
124.98
001143
000001
111.37
001144
000001
129.20
001145
000001
119.67
001146
000002
176.37
001147
000006
181.74
001148
000003
134.61
001149
000001
189.63
001150
000003
114.46
001151
000001
185.91
001152
000001
146.87
001153
000003
197.12
001154
000003
147.85
001155
000003
126.25
001156
000006
134.23
001157
000006
130.23
001158
000001
192.20
001159
000001
186.51
001160
000003
109.81
001161
000004
191.13
001162
000003
195.81
001163
000003
108.95
001164
000001
174.67
001165
000004
108.87
001166
000002
101.85
001167
000005
145.63
001168
000001
186.37
001169
000005
189.01
001170
000003
193.18
001171
000002
162.34
001172
000004
137.36
001173
000002
163.48
001174
000005
147.74
001175
000004
154.23
001176
000002
164.55
001177
000004
132.38
001178
000001
172.66
001179
000003
112.75
001180
000003
191.84
001181
000004
116.56
001182
000003
184.34
001183
000002
161.70
001184
000003
122.68
001185
000002
196.15
001186
000001
157.72
001187
000005
118.63
001188
000004
131.77
001189
000003
125.58
001190
000003
138.82
001191
000003
145.81
001192
000003
113.54
001193
000001
136.25
001194
000006
189.63
001195
000004
118.89
001196
000004
116.57
001197
000002
127.61
001198
000002
110.74
001199
000001
194.82
001200
000005
108.16
001201
000001
141.56
001202
000002
175.20
001203
000001
176.25
001204
000004
194.72
001205
000001
135.16
001206
000002
124.86
001207
000003
120.37
001208
000001
187.26
001209
000006
102.79
001210
000003
160.56
001211
000006
197.78
001212
000001
172.48
001213
000001
100.42
001214
000002
118.58
001215
000004
157.23
001216
000006
149.81
001217
000003
101.71
001218
000004
113.90
001219
000004
158.98
001220
000003
161.13
001221
000001
156.48
001222
000001
188.55
001223
000004
136.24
001224
000006
197.86
001225
000004
151.48
001226
000002
167.73
001227
000003
177.15
001228
000001
120.15
001229
000006
110.12
001230
000003
132.43
001231
000006
138.76
001232
000002
112.51
001233
000001
168.71
001234
000002
156.83
001235
000003
109.91
001236
000004
170.67
001237
000002
135.30
001238
000005
153.82
001239
000004
158.83
001240
000005
118.01
001241
000003
150.64
001242
000003
137.81
001243
000002
140.91
001244
000001
152.35
001245
000003
184.43
001246
000006
127.89
001247
000004
138.62
001248
000002
116.53
001249
000001
179.44
001250
000001
100.74
001251
000006
134.35
001252
000003
146.46
001253
000003
152.71
001254
000004
135.17
001255
000006
155.63
001256
000004
127.74
001257
000004
196.64
001258
000002
190.80
001259
000005
135.20
001260
000006
189.67
001261
000003
115.62
001262
000002
114.60
001263
000001
165.56
001264
000002
167.17
001265
000001
189.15
001266
000006
102.68
001267
000001
141.41
001268
000003
147.31
001269
000005
154.91
001270
000002
192.77
001271
000003
143.80
001272
000004
165.01
001273
000001
112.32
001274
000002
125.20
001275
000002
188.95
001276
000003
128.51
001277
000002
136.15
001278
000001
192.90
001279
000006
162.83
001280
000004
177.69
001281
000001
123.11
001282
000003
139.59
001283
000004
136.77
001284
000006
147.84
001285
000003
100.96
001286
000001
126.51
001287
000004
117.14
001288
000002
157.01
001289
000001
198.21
001290
000003
191.26
001291
000004
122.23
001292
000003
185.76
001293
000002
185.41
001294
000002
124.57
001295
000003
181.41
001296
000001
118.61
001297
000001
171.75
001298
000005
119.21
001299
000001
122.91
001300
000003
187.31
001301
000001
184.95
001302
000001
162.93
001303
000003
126.21
001304
000002
143.25
001305
000004
198.94
001306
000006
179.47
001307
000003
165.11
001308
000001
198.24
001309
000001
122.51
001310
000001
177.14
001311
000004
189.15
001312
000001
175.61
001313
000003
158.76
001314
000001
104.81
001315
000001
151.75
001316
000001
150.77
001317
000002
184.81
001318
000006
189.64
001319
000003
131.21
001320
000001
174.61
001321
000002
121.47
001322
000003
106.29
001323
000006
192.71
001324
000002
117.41
001325
000001
142.56
001326
000006
182.36
001327
000002
131.13
001328
000001
122.86
001329
000003
157.77
001330
000002
185.31
001331
000004
178.10
001332
000006
121.87
001333
000002
170.31
001334
000001
182.18
001335
000005
117.45
001336
000004
120.83
001337
000003
172.57
001338
000001
123.96
001339
000003
127.45
001340
000004
157.84
001341
000002
128.33
001342
000004
166.18
001343
000004
115.91
001344
000002
198.95
001345
000004
180.01
001346
000004
164.52
001347
000005
173.61
001348
000003
162.90
001349
000006
153.31
001350
000001
175.23
001351
000004
184.65
001352
000003
145.19
001353
000006
153.97
001354
000005
111.88
001355
000001
198.21
001356
000002
147.34
001357
000003
114.93
001358
000003
104.94
001359
000003
154.41
001360
000003
116.57
001361
000005
112.37
001362
000002
198.58
001363
000001
131.31
001364
000003
169.64
001365
000001
188.62
001366
000003
124.93
001367
000006
187.17
001368
000004
187.59
001369
000004
156.86
001370
000001
106.38
001371
000005
146.01
001372
000005
123.46
001373
000003
184.11
001374
000004
130.51
001375
000004
135.45
001376
000003
156.69
001377
000004
120.70
001378
000003
144.64
001379
000002
140.71
001380
000004
151.21
001381
000004
111.26
001382
000004
122.92
001383
000003
162.61
001384
000005
108.77
001385
000002
132.13
001386
000003
103.81
001387
000002
183.46
001388
000006
132.44
001389
000005
175.29
001390
000003
183.85
001391
000003
148.71
001392
000006
104.34
001393
000003
103.32
001394
000003
160.89
001395
000005
152.43
001396
000003
184.39
001397
000003
146.62
001398
000001
195.28
001399
000001
198.53
001400
000003
153.01
001401
000002
161.79
001402
000004
193.51
001403
000005
115.01
001404
000003
181.21
001405
000001
126.26
001406
000004
108.01
001407
000006
128.35
001408
000004
176.71
001409
000003
127.79
001410
000003
120.55
001411
000004
103.21
001412
000006
194.27
001413
000002
129.98
001414
000004
157.86
001415
000005
191.90
001416
000004
175.80
001417
000004
183.24
001418
000004
189.53
001419
000002
100.64
001420
000006
184.67
001421
000004
121.86
001422
000003
187.01
001423
000002
171.61
001424
000002
173.32
001425
000001
191.11
001426
000004
177.69
001427
000001
142.39
001428
000003
114.47
001429
000003
112.88
001430
000005
144.35
001431
000003
155.59
001432
000001
169.29
001433
000002
144.73
001434
000002
170.83
001435
000003
184.48
001436
000005
164.74
001437
000002
183.01
001438
000001
127.32
001439
000002
163.89
001440
000001
136.21
001441
000004
183.43
001442
000005
137.95
001443
000002
109.61
001444
000004
160.64
001445
000001
185.96
001446
000004
109.79
001447
000003
103.51
001448
000003
170.41
001449
000003
192.60
001450
000003
117.28
001451
000006
159.11
001452
000003
152.21
001453
000004
163.95
001454
000002
183.65
001455
000004
167.41
001456
000003
130.01
001457
000004
163.68
001458
000006
188.78
001459
000003
123.96
001460
000005
197.17
001461
000001
169.54
001462
000003
192.89
001463
000006
190.74
001464
000004
168.87
001465
000003
191.76
001466
000002
179.42
001467
000002
114.88
001468
000001
143.23
001469
000006
180.67
001470
000001
134.64
001471
000001
141.79
001472
000001
117.59
001473
000002
140.29
001474
000004
142.61
001475
000004
116.53
001476
000003
114.66
001477
000003
135.75
001478
000003
155.73
001479
000002
128.24
001480
000003
181.93
001481
000001
193.95
001482
000001
115.73
001483
000004
195.66
001484
000002
140.85
001485
000004
152.95
001486
000002
190.85
001487
000003
109.89
001488
000004
169.24
001489
000002
176.88
001490
000002
120.57
001491
000003
175.65
001492
000006
184.55
001493
000001
191.35
001494
000004
191.22
001495
000003
161.64
001496
000004
142.93
001497
000002
117.20
001498
000004
178.11
001499
000001
161.97
001500
000004
160.95
001501
000004
178.41
001502
000004
161.27
001503
000002
153.15
001504
000002
173.12
001505
000004
180.27
001506
000002
158.71
001507
000004
136.64
001508
000003
147.44
001509
000002
197.10
001510
000003
191.21
001511
000001
111.64
001512
000002
149.64
001513
000001
190.13
001514
000002
169.11
001515
000002
160.61
001516
000001
136.39
001517
000002
120.53
001518
000006
151.89
001519
000004
174.76
001520
000003
159.74
001521
000003
134.26
001522
000003
163.96
001523
000004
180.82
001524
000001
171.55
001525
000006
144.91
001526
000001
102.25
001527
000001
185.37
001528
000001
132.34
001529
000002
100.42
001530
000006
129.91
001531
000004
184.10
001532
000005
169.89
001533
000002
128.30
001534
000002
115.94
001535
000005
163.71
001536
000003
139.72
001537
000001
104.26
001538
000003
172.59
001539
000005
190.42
001540
000003
131.86
001541
000002
167.37
001542
000004
123.53
001543
000004
154.40
001544
000004
173.78
001545
000004
102.41
001546
000003
115.41
001547
000001
152.13
001548
000003
179.58
001549
000002
159.91
001550
000004
138.15
001551
000006
142.10
001552
000002
158.44
001553
000006
187.51
001554
000006
177.40
001555
000005
100.51
001556
000002
174.36
001557
000004
117.23
001558
000005
105.93
001559
000005
189.82
001560
000002
152.78
001561
000001
139.86
001562
000001
102.63
001563
000005
175.58
001564
000006
113.43
001565
000004
157.01
001566
000005
186.69
001567
000004
121.30
001568
000004
157.92
001569
000004
143.30
001570
000002
149.41
001571
000006
106.42
001572
000001
100.41
001573
000004
164.15
001574
000002
187.19
001575
000002
180.82
001576
000003
144.81
001577
000003
125.79
001578
000003
168.23
001579
000001
148.29
001580
000003
143.81
001581
000001
110.48
001582
000004
172.14
001583
000001
118.41
001584
000002
153.46
001585
000002
158.64
001586
000003
120.25
001587
000004
178.77
001588
000003
122.98
001589
000001
172.46
001590
000002
130.86
001591
000001
194.39
001592
000005
134.13
001593
000002
131.38
001594
000001
114.79
001595
000003
118.43
001596
000001
125.58
001597
000005
177.52
001598
000001
190.10
001599
000003
100.55
001600
000001
125.67
001601
000005
196.97
001602
000004
175.15
001603
000003
126.45
001604
000003
154.11
001605
000001
189.17
001606
000002
194.71
001607
000001
130.59
001608
000003
100.95
001609
000006
133.10
001610
000001
162.76
001611
000001
183.75
001612
000001
148.57
001613
000001
189.94
001614
000003
176.85
001615
000001
180.46
001616
000002
125.13
001617
000004
186.42
001618
000004
198.36
001619
000004
166.19
001620
000003
169.14
001621
000004
122.94
001622
000004
111.91
001623
000006
112.85
001624
000002
198.12
001625
000005
177.80
001626
000002
186.78
001627
000003
170.26
001628
000002
146.34
001629
000003
119.37
001630
000006
127.67
001631
000004
148.90
001632
000001
179.50
001633
000005
190.95
001634
000005
123.59
001635
000001
146.60
001636
000001
188.15
001637
000002
119.42
001638
000003
198.56
001639
000004
174.86
001640
000002
116.89
001641
000001
190.41
001642
000002
126.58
001643
000004
141.89
001644
000003
197.30
001645
000001
132.32
001646
000001
151.24
001647
000006
150.39
001648
000005
135.30
001649
000006
109.15
001650
000001
147.90
001651
000006
172.33
001652
000001
140.34
001653
000001
135.44
001654
000001
170.35
001655
000002
182.54
001656
000002
146.17
001657
000004
115.64
001658
000003
131.24
001659
000003
172.53
001660
000004
180.38
001661
000002
192.86
001662
000001
173.56
001663
000002
189.78
001664
000002
187.11
001665
000004
169.89
001666
000003
143.57
001667
000002
183.46
001668
000002
150.44
001669
000005
118.59
001670
000006
190.27
001671
000004
157.53
001672
000002
106.84
001673
000002
196.91
001674
000004
183.71
001675
000001
174.71
001676
000003
134.85
001677
000003
164.51
001678
000003
175.11
001679
000001
196.61
001680
000001
145.96
001681
000005
154.63
001682
000001
136.45
001683
000004
139.49
001684
000004
100.26
001685
000003
162.70
001686
000005
122.33
001687
000005
122.77
001688
000002
188.59
001689
000004
177.24
001690
000001
158.76
001691
000003
177.90
001692
000004
163.01
001693
000004
164.66
001694
000005
190.46
001695
000006
116.11
001696
000004
185.51
001697
000005
106.57
001698
000002
179.26
001699
000001
157.66
001700
000004
117.93
001701
000003
185.67
001702
000003
119.86
001703
000003
162.71
001704
000002
158.78
001705
000004
157.40
001706
000002
165.22
001707
000003
151.23
001708
000003
138.23
001709
000003
101.19
001710
000001
128.11
001711
000001
153.62
001712
000001
149.01
001713
000005
173.43
001714
000001
194.38
001715
000003
147.83
001716
000004
140.31
001717
000001
185.19
001718
000003
110.34
001719
000002
106.46
001720
000003
180.89
001721
000001
163.51
001722
000001
114.70
001723
000004
107.11
001724
000003
163.19
001725
000004
175.67
001726
000001
163.83
001727
000004
140.01
001728
000001
121.21
001729
000004
137.20
001730
000003
109.60
001731
000004
112.62
001732
000006
104.01
001733
000003
109.85
001734
000002
133.65
001735
000006
107.61
001736
000003
192.96
001737
000001
173.71
001738
000003
170.59
001739
000003
121.68
001740
000005
125.11
001741
000002
165.74
001742
000006
143.11
001743
000001
170.40
001744
000002
146.36
001745
000003
180.33
001746
000002
163.37
001747
000003
137.25
001748
000005
104.53
001749
000004
101.12
001750
000003
156.17
001751
000001
170.61
001752
000004
102.52
001753
000003
154.13
001754
000002
138.43
001755
000003
139.38
001756
000003
106.20
001757
000005
169.81
001758
000003
168.28
001759
000002
142.74
001760
000002
137.43
001761
000004
128.61
001762
000001
110.01
001763
000004
148.52
001764
000002
190.35
001765
000002
167.69
001766
000003
150.20
001767
000006
155.48
001768
000001
144.67
001769
000001
161.97
001770
000006
126.68
001771
000005
114.16
001772
000006
190.40
001773
000001
137.49
001774
000003
183.67
001775
000002
182.96
001776
000004
121.28
001777
000005
136.91
001778
000004
180.29
001779
000004
161.54
001780
000006
124.69
001781
000002
120.73
001782
000003
147.22
001783
000004
141.72
001784
000002
148.62
001785
000001
140.01
001786
000006
146.67
001787
000004
113.58
001788
000003
122.81
001789
000002
154.68
001790
000002
153.32
001791
000003
164.31
001792
000004
168.01
001793
000006
157.39
001794
000002
151.30
001795
000006
190.59
001796
000002
177.38
001797
000003
137.48
001798
000003
151.57
001799
000003
161.95
001800
000003
173.26
001801
000002
198.59
001802
000005
191.36
001803
000002
160.21
001804
000002
167.51
001805
000005
122.12
001806
000002
138.92
001807
000003
112.47
001808
000002
166.91
001809
000001
143.43
001810
000002
175.31
001811
000006
161.73
001812
000006
190.61
001813
000002
197.78
001814
000004
138.86
001815
000001
194.69
001816
000006
151.30
001817
000001
176.68
001818
000005
146.17
001819
000001
157.71
001820
000004
120.64
001821
000006
183.51
001822
000003
156.21
001823
000006
114.42
001824
000006
172.01
001825
000004
131.45
001826
000002
109.41
001827
000004
173.57
001828
000002
168.51
001829
000004
137.91
001830
000004
101.85
001831
000001
136.56
001832
000002
196.39
001833
000004
186.51
001834
000006
178.71
001835
000004
129.67
001836
000004
114.51
001837
000002
148.43
001838
000001
151.58
001839
000005
192.29
001840
000003
115.13
001841
000004
169.25
001842
000002
105.17
001843
000004
170.74
001844
000004
143.79
001845
000002
179.36
001846
000002
189.61
001847
000004
124.98
001848
000003
124.89
001849
000004
160.97
001850
000006
165.58
001851
000004
152.61
001852
000003
185.65
001853
000004
165.61
001854
000006
139.21
001855
000004
106.41
001856
000004
176.66
001857
000002
118.91
001858
000006
107.88
001859
000004
157.53
001860
000003
170.31
001861
000005
188.95
001862
000003
191.85
001863
000003
139.51
001864
000001
141.53
001865
000003
149.49
001866
000001
196.21
001867
000004
107.52
001868
000001
126.75
001869
000006
189.26
001870
000003
170.31
001871
000001
108.85
001872
000005
111.63
001873
000004
198.14
001874
000001
103.85
001875
000003
133.26
001876
000002
190.26
001877
000005
187.86
001878
000004
115.24
001879
000005
158.25
001880
000004
134.70
001881
000001
144.31
001882
000005
114.67
001883
000006
113.91
001884
000003
105.19
001885
000003
100.14
001886
000004
156.01
001887
000001
121.60
001888
000004
160.45
001889
000003
112.48
001890
000001
183.28
001891
000004
165.81
001892
000006
127.11
001893
000005
110.01
001894
000004
107.14
001895
000003
195.73
001896
000002
137.74
001897
000002
147.76
001898
000004
129.10
001899
000004
188.96
001900
000003
171.40
001901
000002
111.68
001902
000001
123.20
001903
000002
178.68
001904
000006
195.21
001905
000002
107.12
001906
000005
158.34
001907
000006
168.85
001908
000002
152.70
001909
000003
117.27
001910
000004
171.42
001911
000006
181.11
001912
000002
198.80
001913
000003
160.15
001914
000002
173.63
001915
000002
191.57
001916
000006
118.37
001917
000004
136.73
001918
000002
132.29
001919
000002
186.58
001920
000003
155.42
001921
000005
120.72
001922
000004
180.55
001923
000002
146.29
001924
000003
176.55
001925
000004
134.25
001926
000004
126.27
001927
000004
136.16
001928
000003
119.68
001929
000004
125.35
001930
000002
128.75
001931
000002
191.70
001932
000005
148.96
001933
000004
140.49
001934
000003
116.63
001935
000003
146.82
001936
000002
119.38
001937
000003
160.61
001938
000003
121.77
001939
000004
129.35
001940
000006
123.76
001941
000002
168.69
001942
000003
160.55
001943
000005
187.01
001944
000003
101.24
001945
000004
181.80
001946
000002
196.83
001947
000006
113.41
001948
000003
183.23
001949
000001
152.21
001950
000001
187.89
001951
000002
193.71
001952
000002
168.97
001953
000004
173.20
001954
000003
161.01
001955
000002
166.90
001956
000004
121.27
001957
000003
140.41
001958
000006
132.28
001959
000001
168.26
001960
000003
158.85
001961
000006
176.57
001962
000004
136.57
001963
000002
112.57
001964
000001
178.91
001965
000002
162.89
001966
000005
163.33
001967
000004
106.39
001968
000003
185.16
001969
000002
139.68
001970
000003
129.74
001971
000001
120.47
001972
000002
172.70
001973
000002
194.11
001974
000006
162.18
001975
000002
165.87
001976
000006
142.36
001977
000001
194.98
001978
000001
149.62
001979
000003
132.53
001980
000004
185.91
001981
000004
172.51
001982
000005
164.77
001983
000002
128.72
001984
000004
139.78
001985
000003
163.86
001986
000003
151.38
001987
000006
120.40
001988
000003
145.11
001989
000002
125.50
001990
000004
165.42
001991
000004
160.81
001992
000003
125.12
001993
000003
136.96
001994
000004
133.01
001995
000004
186.25
001996
000004
114.50
001997
000002
143.46
001998
000004
129.64
001999
000001
153.44
002000