000004
129.61
000001
000001
151.12
000002
000006
162.44
000003
000004
158.71
000004
000006
144.21
000005
000004
195.30
000006
000003
193.13
000007
000005
145.75
000008
000004
149.51
000009
000005
104.98
000010
000004
103.51
000011
000002
132.32
000012
000001
100.18
000013
000006
172.81
000014
000002
142.11
000015
000003
189.13
000016
000001
111.67
000017
000006
148.25
000018
000002
191.25
000019
000004
159.16
000020
000001
156.90
000021
000001
157.87
000022
000004
178.11
000023
000005
181.13
000024
000001
141.10
000025
000004
188.85
000026
000003
138.01
000027
000004
162.41
000028
000001
117.17
000029
000001
103.89
000030
000003
150.45
000031
000005
122.68
000032
000002
176.84
000033
000001
165.21
000034
000006
127.28
000035
000006
191.42
000036
000004
135.94
000037
000001
100.32
000038
000001
194.50
000039
000003
158.23
000040
000003
122.13
000041
000004
117.86
000042
000006
160.41
000043
000003
196.80
000044
000004
114.86
000045
000003
116.84
000046
000001
102.43
000047
000001
198.41
000048
000001
149.81
000049
000001
196.71
000050
000005
111.36
000051
000002
118.72
000052
000004
166.75
000053
000003
112.54
000054
000003
121.52
000055
000006
193.71
000056
000004
107.20
000057
000003
122.20
000058
000002
189.37
000059
000002
191.52
000060
000004
107.90
000061
000001
157.36
000062
000001
170.32
000063
000003
132.31
000064